2018-07-23 18:50:56"      ctrl:admin      action:admin"
2018-07-23 18:51:43"      ctrl:admin      action:admin"
2018-07-23 18:52:16"      ctrl:admin      action:admin"
2018-07-23 18:52:33"      ctrl:admin      action:admin"
2018-07-23 18:52:35"      ctrl:admin      action:admin"
2018-07-23 18:52:36"      ctrl:admin      action:admin"
2018-07-23 18:52:39"      ctrl:admin      action:admin"
2018-07-23 18:52:56"      ctrl:admin      action:admin"
2018-07-23 18:53:04"      ctrl:admin      action:admin"
2018-07-23 18:53:07"      ctrl:admin      action:admin"
2018-07-23 18:53:10"      ctrl:admin      action:admin"
2018-07-23 18:53:12"      ctrl:admin      action:admin"
2018-07-23 18:53:14"      ctrl:admin      action:admin"
